idb_path: "Dropbox/aims_db/orange_2.idb"
odb_path: "Dropbox/aims_db/orange_2.odb"

gravity: [0, 0, -9.79343]

time_calibrate: 5
time_start: 11.21
time_end: 50.
dt: 0.0001

features:
  min_init_confidence: 0.15
  max_missed_frames: 10
  new_keyframe_threshold: 5

# camera parameters
camera:
  fx: 429.464225  # pixels
  fy: 429.464297 # pixels
  cx: 313.398271 # pixels
  cy: 260.449116 # pixels
  pixel_noise: 0.45
  distortion: [-0.213922, 0.088003, 0.000180, -0.000312, 0.000000]

# imu parameters
imu:
  gyro_noise: 0.001
  gyro_walk: 0.00004
  accel_noise: 0.015
  accel_walk: 0.0002

rangefinder:
  range_noise: 0.0001

# intersensor parameters
intersensor:
  p_c_i: [0.0508, -0.0508, 0.]
  p_r_i: [0.145, 0.025 , 0.044]
  # p_r_i: [0.145, 0.025 , 0.039878] # sldwks
  q_ic: [0.5, 0.5,  0.5,  0.5]
  q_ir: [0, 0, 0, 1.]


# initial conditions
x0:
  p_i_w: [-0.09746771461845626, 1.2838957959820683, 0.10868056889408897]
  v_i_w: [0., 0., 0.] # m/s
  q_wi: [0.6586440786247678, 0.7523336496078004, 0.0023807976634492617, 0.013281158188346581]
  gyro_bias: [-0.012205, -0.000213, -0.006672] # rad/s
  accel_bias: [0.026356, -0.014315, -0.057953] # m/s^2


# initial 3 sigma bounds
x0_3_sigma:
  p_i_w: 0.0001 # m
  v_i_w: 0.0001 # m/s
  theta_wi: 0.005 # degrees
  gyro_bias: 0.01 # rad/s
  accel_bias: 0.01 # m/s^2
