idb_path: "Dropbox/aims_db/space_lab.idb"
odb_path: "Dropbox/aims_db/space_lab.odb"

gravity: [0, 0, -9.79343]

time_calibrate: 5
time_start: 13
time_end: 94.
dt: 0.00001

features:
  min_init_confidence: 0.15
  max_missed_frames: 10
  new_keyframe_threshold: 5

# camera parameters
camera:
  fx: 429.464225  # pixels
  fy: 429.464297 # pixels
  cx: 313.398271 # pixels
  cy: 260.449116 # pixels
  pixel_noise: 0.45
  distortion: [-0.213922, 0.088003, 0.000180, -0.000312, 0.000000]

# imu parameters
imu:
  gyro_noise: 0.001
  gyro_walk: 0.00004
  accel_noise: 0.015
  accel_walk: 0.0002

rangefinder:
  range_noise: 0.0001

# intersensor parameters
intersensor:
  p_c_i: [0.0508, -0.0508, 0.]
  p_r_i: [0.145, 0.025 , 0.044]
  # p_r_i: [0.145, 0.025 , 0.039878] # sldwks
  q_ic: [0.5, 0.5,  0.5,  0.5]
  q_ir: [0, 0, 0, 1.]

# initial conditions
x0:
  p_i_w: [1.812314871689626, -1.6143829312207993, 0.13479312887060632]
  v_i_w: [0., 0., 0.] # m/s
  q_wi: [-0.6482788463845801, 0.7612977384318884, -0.007580831254084824, 0.010140107803516592]
  gyro_bias: [-0.012205, -0.000213, -0.006672] # rad/s
  accel_bias: [0.026356, -0.014315, -0.057953] # m/s^2


# initial 3 sigma bounds
x0_3_sigma:
  p_i_w: 0.0001 # m
  v_i_w: 0.0001 # m/s
  theta_wi: 0.005 # degrees
  gyro_bias: 0.01 # rad/s
  accel_bias: 0.01 # m/s^2
