idb_path: "Dropbox/aims_db/robot_wall_1.idb"
odb_path: "Dropbox/aims_db/robot_wall_1.odb"

gravity: [0, 0, -9.79343]

time_calibrate: 5
time_start: 13
time_end: 115.
dt: 0.0001

# camera parameters
camera:
  fx: 429.464225  # pixels
  fy: 429.464297 # pixels
  cx: 313.398271 # pixels
  cy: 260.449116 # pixels
  pixel_noise: 1
  distortion: [-0.213922, 0.088003, 0.000180, -0.000312, 0.000000]

# imu parameters
imu:
  gyro_noise: 0.001
  gyro_walk: 0.00004
  accel_noise: 0.015
  accel_walk: 0.0002

rangefinder:
  range_noise: 0.1

# intersensor parameters
intersensor:
  p_c_i: [-0.05, 0., 0.]
  p_r_i: [0.13, -0.025 ,0.04]
  q_ic: [0.5, 0.5,  0.5,  0.5]
  q_ir: [0, 0, 0, 1.]

# initial conditions
x0:
  p_i_w: [1.3245932842225534, 0.9459720592310201, 0.135152480341177]
  v_i_w: [0., 0., 0.] # m/s
  q_wi: [0.7136949963285609, 0.7003650640184265, 0.006335152445665193, 0.009385902275806319]

  gyro_bias: [-0.012205, -0.000213, -0.006672] # rad/s
  accel_bias: [0.026356, -0.014315, -0.057953] # m/s^2


# initial 3 sigma bounds
x0_3_sigma:
  p_i_w: 0.0001 # m
  v_i_w: 0.0001 # m/s
  theta_wi: 0.005 # degrees
  gyro_bias: 0.01 # rad/s
  accel_bias: 0.01 # m/s^2
